2.825438494280518853e-10
5.286970417017755608e-09
5.254686685773890531e-10
1.575665015129956714e-10
1.002245841874582766e-09
9.435313863548344671e-09
7.506177013283377164e-09
2.816662736382369303e-10
5.111595036133564918e-10
1.993274850731197034e-10
2.630292783578624949e-08
3.316760910365701420e-08
4.993341917725047097e-08
3.065127884838148020e-08
1.814473549188733159e-08
7.039226534999443174e-09
4.101702089087666536e-09
4.582093815486132371e-09
1.610449218425458184e-09
4.222913574380982027e-09
4.321738078516546011e-09
7.469728835474143125e-09
6.304760269415510265e-09
2.739245774652232512e-10
5.614047537960686896e-08
6.052613343854318373e-08
2.957441758155709977e-08
1.856153275525684876e-08
5.873402741940481064e-08
3.858001917933506775e-09
4.006250442500913778e-09
4.346007553834851933e-09
4.521894325648645463e-08
7.569783022631781932e-09
3.478374477339229998e-09
1.886466272082998330e-08
3.003241388910282694e-08
7.337725094203051412e-09
1.464835897024840961e-08
6.385784123708049265e-10
7.284234104787401520e-09
2.740741633644461217e-09
1.468877908195054260e-09
1.231692969838604768e-09
8.315096167166302621e-09
1.463604260010242797e-08
2.156590017676762727e-09
1.093565460408285617e-09
4.949262527587094951e-11
3.017865068954961316e-09
7.761676634743253089e-09
6.325767909487467477e-09
1.036280306010439745e-08
1.910050784204031515e-08
1.103952396164231686e-08
1.108376057601390130e-09
5.276623582517458999e-09
3.082391897279990189e-09
2.339296933939749579e-08
5.291893589998153402e-09
1.836601093430090259e-08
2.397947174159753558e-09
2.927431630439514265e-09
4.995680535913038511e-10
9.686901281114046469e-10
1.306507613207941176e-08
7.097074483652932031e-09
3.357411904048035467e-09
6.435404653615250936e-09
2.221097616939005093e-07
6.743450183421373367e-03
1.698531605143216439e-06
2.964818477630615234e-02
5.378121733665466309e-01
2.899968028068542480e-01
7.865189760923385620e-02
3.889664949383586645e-04
3.072588704526424408e-02
8.997450931929051876e-04
7.819882739568129182e-05
5.004886727277835234e-09
9.485078500404142687e-09
2.545606214710005588e-08
1.642335512030967948e-08
8.866746226132704578e-10
1.378271363705607655e-08
7.084631992171352977e-09
1.808616034715271326e-09
7.868911744424167409e-09
7.743499175205670326e-10
1.531171633928352094e-09
1.357699952464486159e-09
8.834104114896490501e-09
1.957991324630370400e-09
7.465442486420670321e-09
1.814420724777221494e-09
2.659763964629746624e-09
1.052269604784328294e-09
2.890369721342267439e-09
2.317232794535328821e-10
1.178614206231998196e-09
8.845496557441379082e-10
9.137778311796296293e-10
1.555696460542321802e-09
4.016822707786360525e-10
4.892350413676638254e-10
1.259977816525648109e-10
3.329793685225013178e-08
1.022224864755116869e-07
1.294232276904949686e-09
3.980536344982965602e-09
5.863250862603308633e-08
6.207428793203462192e-09
4.981660239877783170e-08
2.158772183236123965e-08
1.706390406752689159e-07
1.966266793829163362e-08
1.325256562267895788e-07
1.783404144362066290e-07
5.524686002900125459e-06
4.004518359579378739e-06
2.876992311939829960e-06
2.473360893873177702e-07
6.522149305965285748e-06
5.278169510347652249e-07
2.371872596995672211e-06
1.748569775372743607e-05
3.632472100889572175e-09
5.466190611258525678e-09
4.767393702032052261e-10
8.250604643933456828e-10
1.764523860359190621e-09
3.686080551901227409e-09
1.018405693109514232e-09
2.362243289866228224e-09
1.163200469278535820e-08
9.745133588978660555e-09
1.131141047494566010e-08
4.225064742513495730e-09
1.144636119221331683e-08
1.688835205015948304e-08
2.598726744906798558e-08
1.511527791819844424e-08
8.163009157513556602e-10
8.115876859449144831e-10
1.211977518345008775e-09
4.296528133274080119e-10
7.501593235481607280e-10
2.735617010696245188e-10
1.735954296977482159e-10
2.184751490830194598e-09
1.210392785999658827e-09
4.146219756417934832e-10
1.083628187181773228e-09
2.106845586880012888e-09
5.260254454242385691e-09
3.095441902800644129e-09
8.077558066865719866e-11
2.400496024179687993e-09
1.388135162372350351e-09
3.200975873252076553e-10
7.050806050123981095e-10
3.732553710555919224e-10
5.984728823626994654e-10
1.400461413503251151e-09
9.598459804749381874e-09
1.099142554750187628e-09
7.280965830247509984e-10
1.201604149514423625e-08
9.980903603601376517e-11
6.555350928749703598e-09
4.274776366219867896e-10
2.203095206265714978e-10
4.660511421228363815e-10
4.053495872291534852e-10
8.387152639066641768e-10
1.054609802264572238e-10
4.423111210627439505e-09
2.662641884754179955e-09
1.679223982087307832e-09
3.565576722763807993e-10
4.712175094567783162e-10
1.994383680425926286e-08
1.640837909988590582e-09
4.048213320118065894e-09
3.515049362690092494e-09
2.115950969994173647e-09
8.483417524018932454e-09
5.947177750265097984e-10
1.389321879763372181e-09
3.979213347715671034e-10
3.153244776399333205e-09
4.894257443766036886e-09
1.435719210185482098e-09
1.060140419895105879e-09
1.497192037014372090e-09
1.566448304402001668e-09
4.006448950377716756e-09
1.685304340526272426e-09
1.938952109981073590e-09
2.666677545448692399e-09
7.969199744550792275e-10
2.622546846353657202e-09
1.226907353490958030e-09
3.350458355200203187e-09
1.992743747791791975e-09
8.468877821243836479e-10
1.660109938406151286e-09
6.630548998742824551e-09
2.349481942331976825e-09
8.344138713312077016e-09
3.329683639918812332e-09
7.409658997481471943e-10
4.609222781226662846e-09
5.358461230287048238e-09
8.991444255812552910e-10
1.707285535168523438e-09
2.142895194623406496e-09
1.063833021675009149e-09
1.050306508432186092e-09
2.534752407967744148e-09
3.209346566279691615e-09
1.074559774494332487e-09
1.330272114685726592e-09
2.057895187590474961e-09
1.264695126401704783e-09
1.113406367103664252e-09
8.113493210615274620e-10
8.131185169624188802e-10
9.021334790304536000e-10
1.704814900360673846e-10
2.433177548333276263e-10
1.070972976968675994e-09
4.704194811466777537e-09
7.024606674121969263e-09
6.531858942615542674e-10
4.630591465826228159e-09
4.216619942098986940e-09
9.010570067857770482e-10
8.559460917823003001e-10
1.464089294245241035e-09
4.422984645202632237e-09
1.919893355406543378e-09
3.552741212331511633e-09
2.261044018680991030e-09
1.454156683955432072e-09
1.880480215987745396e-09
6.236096639078425596e-10
1.491887058335805705e-09
2.796392228887611964e-09
4.389960617245947105e-10
1.754172629375716497e-08
5.321390261769920471e-08
2.101574747559453726e-10
3.689569538778414426e-09
5.825434024053777193e-10
5.599031016600974908e-09
1.599169685562173981e-09
1.684568373683248410e-09
1.776263858221938108e-10
9.059580308168335705e-10
3.219553235123129298e-10
3.766714584685360023e-08
1.044412820117024410e-10
4.609545800615677535e-10
6.850606193431474367e-10
7.805200374910725714e-10
2.797217735217571999e-10
7.410563829246541445e-10
1.204977340130142238e-09
1.250817116549285402e-09
6.012428332979879997e-10
7.297500381753252441e-09
6.610101910276000581e-10
5.800100399966368059e-10
2.412020583264506968e-09
1.547608041718717686e-09
6.272300456799939639e-10
3.540549520231195402e-10
4.560259114771980649e-10
7.852311023626157294e-10
1.635045876469121140e-09
7.022288972535761786e-09
1.554905182388210960e-08
2.999118287050350773e-09
2.863831616295442473e-09
7.639065491282792664e-10
2.230260864877209315e-09
4.649823637237204821e-09
2.237406038219091897e-09
4.754084237390543421e-09
3.768614864618768934e-10
1.542051819569678628e-08
1.457355236489377148e-09
5.553241755329452189e-10
4.709533318880687602e-10
9.870457229332885163e-11
3.683246485586266772e-10
2.638560758772001691e-10
1.124665138796387964e-09
6.972194910304096993e-07
3.919814730579673778e-07
3.468247314231120981e-06
3.058771198993781582e-06
8.576175787311512977e-07
1.824437845243664924e-07
6.394801062015176285e-07
5.273565761854115408e-07
7.159255801525432616e-07
3.613231456256471574e-07
2.171075493606622331e-06
7.976922802299668547e-07
4.576309947879053652e-06
2.702789970498997718e-06
4.395834366732742637e-06
1.955489068450333434e-07
1.342220912192715332e-06
1.671864993113558739e-06
2.609939429021324031e-07
5.085591055831173435e-06
6.592359227397537325e-07
1.090105428147580824e-07
1.043862738470124896e-07
1.183538671511996654e-07
1.025800600018555997e-08
2.516403974084369111e-09
1.467907679852942238e-07
5.060341479179442103e-08
5.492462150868959725e-06
9.314296001150523807e-09
1.183550502048547060e-08
4.350710458567164096e-09
5.464321772841174152e-10
9.249566668145803305e-10
5.966370064669490603e-09
1.202821175994017722e-09
3.872604736887552690e-10
2.045873515044149826e-08
5.614224085626062788e-10
7.226137466176396629e-10
1.882464628621960401e-09
2.254322062356095557e-09
1.002375848990766372e-09
3.804538351026565124e-10
1.153366735451299974e-09
4.306071499371455502e-09
1.254635395575576240e-09
6.622393744493138001e-10
1.957941725416745271e-10
3.783314495020562163e-10
7.336167784366409705e-10
9.443481552295907022e-10
7.253579958899081248e-09
2.093146989068372932e-09
1.309260921900090580e-09
1.073691135999865764e-09
5.492673871287934162e-09
1.595423171352194913e-08
1.065981969361473602e-09
8.123743899801638690e-10
6.423631848662125776e-09
3.064055398294129873e-10
1.100978530566010249e-09
6.055967949336604761e-10
4.346753623707400038e-09
1.320118681036319686e-09
6.174669109348940310e-10
1.085403100731241466e-09
1.350860090454375495e-09
4.732784164573899943e-10
2.113079489163283142e-09
2.674991117501690496e-09
1.198064841778645473e-10
7.991240447147163195e-10
4.072865600335262570e-09
2.345594274366646914e-10
5.335715758114645269e-10
2.751574790238464630e-08
2.402736232198776634e-09
3.738397591490638661e-09
1.061433785309873201e-08
1.081766054511490438e-08
1.126099480330822189e-08
1.150257999960047073e-09
5.525749857682171751e-10
1.061858490025713309e-09
2.282473932080364420e-10
1.036898678030695464e-09
7.107244237580800927e-10
8.504161264077936266e-11
8.215397251376543863e-10
3.755211419598225575e-10
3.610340915116694305e-09
5.128029667567091110e-10
3.582011076641578029e-10
2.076699701092366013e-09
2.367369660305485013e-07
4.286912158590894251e-09
3.049992924886169021e-09
2.593887327151378486e-09
6.785856321300798299e-10
8.759902248023365701e-10
5.850454565248242034e-10
4.544536746919902725e-09
4.257273977792408459e-10
5.204606079445284195e-09
4.089437677379237357e-09
5.179153217405030318e-10
8.954148533746320027e-11
2.549467978951724945e-07
3.305311579993031046e-08
9.748925222652360389e-09
1.487440393077577028e-09
2.041678159869775300e-09
2.522988040709606139e-09
9.894934649423703377e-09
3.639691659174104643e-09
1.150475270605966216e-09
8.463908685030219203e-09
2.629258366582121198e-09
1.197935306507247333e-09
1.971982133142091698e-09
3.121057579047459285e-10
6.288496390283171422e-10
1.233966706593037088e-09
4.194520730749218274e-09
1.278731929232890252e-07
6.678396169412792460e-10
5.030218908075312356e-09
1.327851695265280796e-08
6.894732784701318451e-09
3.892770272795331721e-10
2.646653207705185196e-08
2.613508742754788727e-09
1.661028425914423678e-09
7.467236606828464573e-09
4.160580560630400271e-11
1.072657518363939744e-09
3.251999336484345804e-09
9.208235285385057978e-10
2.271985488633276873e-09
3.939319981327571440e-09
8.211172186634030368e-09
4.093409611272136317e-09
5.466284314081804041e-09
1.356400769481069801e-09
7.640702293087997532e-09
2.323393283321095737e-10
1.791659265393263922e-08
3.483526578307305499e-09
2.182935388006512767e-09
1.644615252871517441e-07
3.145489646527721561e-09
1.807495153549609768e-09
8.037465693000456213e-10
1.605591926079341647e-08
4.042335888243542286e-08
2.515640806777241778e-09
1.498437707248001516e-09
3.083168165218808099e-09
4.998301772474178506e-10
1.037674746129368941e-08
3.885791688418294143e-09
4.228093708480429314e-10
5.149025650297289758e-09
4.309462786622475505e-10
1.526989423794589129e-09
5.498750899057824881e-10
3.294947370502399053e-10
1.110845970764273716e-09
1.276306278441552422e-07
1.291588724861014725e-09
1.696670248740872466e-09
5.358091192952940673e-10
6.650837103272522199e-10
4.197754144286136579e-09
4.822350962996324597e-09
5.835275596055566893e-10
1.269669791525984692e-08
2.125009473941119609e-10
2.567455359425707684e-09
1.536386378120369045e-07
7.209744801173201267e-09
1.642130181833678648e-10
1.012413974876835709e-08
6.130290497452506315e-09
1.738638399917391553e-10
8.601984902156800672e-09
3.667589609790411487e-08
1.009877781399382002e-08
1.447824526934482492e-09
5.508095757278397286e-09
3.467861553474449465e-09
1.030888530095808164e-08
2.655801090156728606e-08
7.538387691852221906e-09
1.226564005918362454e-08
1.256139192662431014e-09
1.526214821190308157e-09
9.526761601819089265e-09
1.694335338697783300e-09
1.304808594504436314e-09
3.802907766470298156e-09
4.658025520853925627e-09
4.076953441511932397e-09
4.692714661302943568e-09
1.821401518498078076e-08
6.574533806258386903e-09
1.220733292228715072e-09
1.188082521252908919e-09
3.161831629849842784e-10
3.101101875291334409e-10
7.639459065345022282e-10
8.921710592524334515e-10
3.625513778082734007e-10
6.408456876272339287e-09
6.327804391581537402e-10
3.478394239309068325e-09
1.094103807552926355e-09
9.848784898736084870e-09
3.321157238111993593e-10
5.548499437679765833e-10
5.737791575199935323e-09
3.652625146788324173e-10
8.103553383875805594e-09
9.169379699969226749e-10
5.984160722505293961e-09
3.834584649808903123e-09
9.760759311916444858e-09
1.278267908189079094e-10
3.758805533493614348e-08
1.785081749083872182e-09
2.448020275380713429e-08
1.500754409633486830e-09
2.533031784324180080e-09
1.251884040875950177e-09
3.817187899102236770e-09
1.109552716371808856e-08
2.764045214931343253e-09
5.309333417358175211e-09
7.007824986970945247e-09
1.482394118568208796e-08
1.429947382725060834e-09
2.294066048236231836e-10
7.522268918869201570e-10
5.621580356773847598e-08
2.142895194623406496e-09
1.091166809685795158e-10
3.942747905938404074e-09
2.313291602717981732e-08
6.334578417366287795e-10
2.029270307346564550e-09
1.340411448502720759e-09
6.997473711578550137e-09
1.144799366414872566e-09
4.687514820744809185e-10
3.897254075013734109e-08
9.705876102827915020e-10
4.942079634417950729e-09
5.707088579498531544e-09
9.609212980876691290e-09
1.884735256751923771e-09
1.067818100608519671e-08
1.468357702094635897e-08
2.057942261046719068e-09
6.903559390813995833e-10
1.436423868739211684e-08
9.768091890904884167e-10
2.695154099896512889e-09
2.774724339182910171e-10
1.097611113110019687e-09
7.233901810899112661e-10
9.094592634539822029e-09
5.726003005079860486e-10
1.994079568135020963e-08
9.104358378309029831e-10
2.188280667780873046e-08
2.091140949289638229e-08
9.558135394271971563e-10
2.370575291621435099e-09
2.113712316287319481e-09
6.667018048744921543e-10
2.000409615732223756e-09
1.406487148969404188e-09
2.178283153853044496e-07
4.004804265989037049e-10
1.165760932231307834e-09
4.670533737538562491e-09
1.637808111354388529e-09
8.163850151454710158e-10
4.325325431153714817e-09
6.866530011251370524e-09
5.058148566661202494e-09
1.138208860496092711e-09
5.542927450363777098e-09
5.003538139369823057e-10
2.683757038823841867e-08
6.977852184952837433e-10
1.210665234729901840e-09
1.687289028495797538e-07
7.571910032311279792e-08
6.520981976620987552e-09
1.223579570996946586e-09
3.984410135160487698e-09
2.361765893965639407e-09
3.793330982659881556e-09
6.014940767684606726e-10
3.277755400432624810e-09
2.265710730142700413e-09
2.270511417767906437e-10
1.851030440036538494e-08
1.107617442208663761e-09
5.630290900171530666e-09
2.557513978374004182e-09
1.639805513597991649e-09
1.991754816632607117e-10
7.817902769602369517e-08
1.556370254895966809e-09
5.405836667193852918e-09
4.396710906462431012e-08
7.076123686999835627e-09
2.564225276557863253e-09
5.172019257315696450e-09
1.975038799173489679e-09
1.362657764403252258e-09
8.639288728851113319e-10
1.790169790183426812e-08
4.545797419042152399e-11
7.165368298700514060e-09
4.509772999483629974e-09
3.087346378549682413e-09
1.906333757517586491e-09
4.106242013079963726e-09
2.514313202084395016e-08
1.121276627102929524e-09
5.740060160519533383e-08
5.096119082281802548e-09
1.795938397997076663e-09
3.711499330094625293e-09
1.546398342711086116e-09
1.302128405100688724e-09
9.589109062346778956e-09
4.765220440461348517e-10
1.526894166659076291e-08
7.972678872647520620e-07
1.584344766492051804e-09
3.769366685446584597e-08
3.706539963843624719e-09
3.224913891486380635e-09
4.868399572366399752e-10
7.151454983755911599e-09
3.943803150718849793e-08
4.148173748941275107e-10
2.114389774376945752e-09
1.522600101555582341e-10
6.833927868044042953e-10
3.320435038034474928e-10
8.106949556108133947e-10
2.984265057293100654e-09
2.019493683391715422e-09
3.607938614536010391e-09
3.130620762625824227e-10
4.376238038616975246e-08
1.536279325975442589e-09
2.209371707806440099e-08
1.271297622729150589e-09
1.164418672594536019e-09
4.552396681845038984e-09
6.075299707752890299e-10
3.674855753033057226e-09
3.883418586703157871e-10
5.791557899925692254e-09
6.872357127818418121e-10
1.082985590095120187e-09
2.715029623345799337e-08
2.433321322214965221e-10
6.281042796985047971e-09
2.995653858306468464e-07
4.329772096411943494e-10
6.959742648859901237e-08
6.912136973902249792e-10
2.551214350887676119e-09
1.017173456574482771e-08
1.860857246072100679e-08
1.386352455057249244e-08
1.229477075703755418e-09
8.086965541664881130e-10
3.305883344850713002e-09
8.324773403955987305e-08
4.707281675564445322e-09
5.428782978711410578e-10
1.692565310129623413e-09
1.074279083468354656e-07
1.319519604692231951e-09
5.471335384754638653e-08
1.196739152220516189e-08
1.876271582545996353e-08
9.006188572691087302e-10
6.013345932309732689e-10
4.442055334674677169e-10
2.141168806701898575e-07
8.209637414324788551e-09
8.481632063350730277e-10
7.634477494633529204e-10
1.620685696757107053e-09
6.598006169200587578e-11
1.014537787114022649e-09
4.490931626577321367e-09
7.084277053870380314e-10
2.653956610032537355e-09
3.842418383470658227e-09
1.457306009200465269e-08
2.277079858004071866e-08
1.310355823846975909e-08
2.678360644381427846e-09
1.462722387657322543e-08
3.134984050134903555e-09
5.719189011266223588e-11
7.387789047186288371e-09
4.048267499001667602e-09
2.767773510381488222e-10
6.808706842775791301e-08
1.692679241216410446e-08
1.195974208556549456e-09
1.502184154844599107e-08
1.796974125056749472e-08
3.580501450883843972e-10
3.185810948380662921e-09
7.687625647179174848e-09
1.221938195072880262e-08
6.107812033917525696e-09
2.109056929100461275e-09
2.762711837078768440e-09
4.170905842926231344e-09
1.669307747587112090e-10
2.705330848229436924e-09
9.020371116719161364e-10
9.907978881784629266e-10
5.683225623442922370e-08
3.397349623845968836e-10
3.930726411027762879e-09
9.450040749925392447e-10
2.444277225066571191e-09
2.824044553761950738e-09
4.287416810466737616e-10
2.977567303830142009e-09
1.079112266211268434e-07
1.077644751212858409e-09
1.882936295771742152e-08
7.442807703483822479e-09
2.948123412060965620e-10
1.209718880623711357e-09
3.099092760194821494e-09
8.047651434139879711e-10
7.770624144143312151e-09
8.862637290718566874e-10
3.365939749144786219e-09
1.464550147822762938e-09
9.297677627806422151e-10
1.225207157951047066e-09
2.554059008730291680e-08
1.407094263328190209e-08
9.596495820218819972e-10
1.535903626503909436e-10
2.118406117190829718e-09
5.791369606100715828e-09
3.740611020930373343e-08
1.547189754091959912e-08
1.979005626040475363e-09
5.182985773899417836e-07
1.044176300979415828e-09
2.680548227829149255e-09
1.658753916444766219e-07
1.721819309352667915e-08
2.785075725597607743e-09
2.135867038788319405e-10
6.401310592707432079e-09
1.290441198342762164e-09
2.128499154707697016e-09
7.441991467516118064e-11
7.881589603186966997e-09
1.360523027571503007e-09
5.670803382429312478e-09
2.176579450008375716e-08
1.603828891916236898e-08
2.063786364026043429e-10
4.650763330005247553e-09
4.336336623111947119e-09
1.356558421150566573e-09
2.932574716396629810e-08
1.674340222024284230e-09
2.432343437774875383e-09
6.463648727361714919e-09
9.286569735422744998e-09
1.067345678507081175e-08
1.037767649592069574e-08
5.123877322432690562e-09
2.499149498458308472e-10
5.621771048680557215e-09
7.829522807867306256e-09
5.167263283922807204e-10
1.031304930343424076e-09
3.421848804308069703e-09
1.947573435856497781e-09
3.474217358245823561e-09
3.404882598090352985e-09
2.336806304015226488e-10
3.576087426182539275e-09
1.733583765428647894e-08
6.031806165651687479e-10
3.209530197167964616e-09
1.175348351978300343e-08
3.102913703756371433e-09
1.887333489491993532e-08
8.504209142445873226e-11
2.495784871280193329e-02
3.676461135526665203e-09
4.704299172431092302e-10
3.977834062141027971e-09
2.485597949686280117e-09
2.568448231876629961e-10
4.767784500536720316e-10
5.251473034206810553e-09
1.577490915671830862e-09
1.618649880796851903e-09
7.564712745100621305e-10
2.022979650462275458e-08
2.221723782724893681e-08
1.264375004694784366e-08
1.110786684854758732e-09
8.429394959819092037e-10
4.129653563555990559e-10
3.926492464501052382e-09
6.326998480687962001e-09
1.817115125035684287e-09
1.679276095956083736e-08
2.370611706936642804e-09
7.129239421033162216e-10
5.074508813152078801e-09
3.677337989671514151e-09
6.333868984853552320e-09
1.912649150170864232e-09
1.358738788148627918e-09
2.843187907330957387e-09
5.129440872053692146e-09
2.571720258970344730e-08
9.432272740639291442e-09
4.583935730995136737e-10
3.200331732955419284e-08
1.382684367001729697e-08
1.556569206861979637e-09
3.925369362889341573e-09
2.757694517185882432e-09
3.242826229765682911e-09
1.631108692556892947e-09
4.113667984029234503e-08
3.795623537694581273e-10
3.035055540223652315e-09
2.779788621509737823e-10
7.087916475967404040e-09
4.760496996603080788e-10
5.104027422930812463e-09
7.198212581549512379e-10
9.239550791129147456e-10
6.441726041472861652e-10
4.436441491950660065e-10
8.189333100538931376e-10
1.409072858393756178e-09
6.936427432435721130e-09
8.499819181828627279e-10
1.420138673324800038e-08
9.071101203517173417e-09
5.055604646031497396e-08
1.204386812503344117e-09
3.337006226900030015e-10
1.879318478614777632e-09
2.816459954146921518e-09
7.369268750778701360e-09
4.922783958249965508e-09
8.148749230940666166e-09
8.855270405838666647e-10
4.240328921323310851e-10
5.217454801531573594e-10
1.566732876767673588e-08
3.315110319590530708e-08
3.409418525279761525e-09
3.176096052825982952e-10
3.517463875724047284e-09
2.281680573645861188e-11
3.334747478156430134e-10
8.472416102023316853e-10
3.274849280643366001e-09
3.223742623958969489e-07
4.106375239842918745e-09
1.471840160860438118e-08
2.014447275655584235e-08
3.057897046687685361e-09
1.231836765924754218e-08
1.210432087894730557e-09
1.015504391688182295e-08
1.011008610163344201e-09
4.286576871237457453e-09
2.424030309811087136e-09
6.857459933229392846e-09
2.466983005433576182e-06
3.066133658080616442e-08
8.201948564767747030e-10
4.405405373830717508e-09
1.255408665912227661e-09
1.860650411522613012e-09
3.038397533572378961e-09
3.265543169206353014e-09
9.161377434452333546e-09
1.083064660178933991e-08
8.393606698575695191e-09
1.088101830859500296e-09
8.841503529311012244e-09
1.261673876484792345e-09
6.113196615586957705e-09
5.676146774824530894e-10
1.788104331268414171e-09
9.292381086822842917e-09
1.708550279033715924e-08
2.653213826420142141e-08
9.607319384485890623e-10
2.179993519035861027e-09
6.907918681520186510e-10
2.230822637727669644e-09
1.519717507392215339e-08
1.731346621625107218e-08
6.561805765414874259e-09
1.525511272859603196e-08
6.747102432314022735e-09
2.361392192895550579e-09
9.165882497441657506e-10
2.030799528540683241e-09
2.363873818911343960e-10
2.686268985030437761e-10
2.840297441686345792e-10
6.394220708472175829e-09
5.760401933230241411e-09
2.249015018662703369e-08
5.513550949132195456e-09
2.047677227778876841e-08
6.003561647816013647e-09
2.682558175592930638e-09
1.077055031828422216e-07
4.669438169457862386e-09
1.412401502420834731e-07
2.548662081380825839e-08
2.731067993977376318e-08
2.251971276123754251e-09
2.347968930394017661e-08
8.903151993422397936e-09
1.644037439518797328e-08
1.431709611976472729e-10
3.177710894419760734e-08
1.787866388269776508e-08
1.652590952971877414e-09
1.824418616180878416e-09
1.098953887890274927e-07
2.624223061076236263e-09
6.105866923178382422e-09
5.643515432751655680e-09
3.174831508800934898e-09
2.628616435629282932e-09
1.469788735164456739e-09
1.916417469161046938e-09
4.066337044861256800e-09
2.876256732786686143e-10
2.323580661212076848e-09
9.150724622486450244e-09
1.524960713261691581e-09
6.652324469058612522e-09
5.171819084104356534e-10
4.975513778759932393e-09
4.773262340940220838e-10
7.265432255820769569e-09
1.625571011132365129e-09
4.505806838750459065e-10
7.212258013034045234e-10
1.325437204435786498e-09
8.729163503140568992e-10
1.664978377391435060e-08
1.937388471873191520e-09
7.991884487523748248e-09
9.331545314239519939e-09
5.198663277639070657e-09
1.222898848851627918e-08
1.256961922990740277e-06
1.769732271839075111e-08
1.368565882842176507e-08
3.193727948769264913e-08
9.020112989865936015e-10
6.770045501980348490e-08
1.273586320849062758e-07
5.154164650633674682e-09
6.577117517281294568e-09
1.401536309231232735e-08
4.232953099148062392e-09
